\begin{tabular}{lrrrrrrrrrrrrr}
\toprule
N &    2  &    3  &    4  &    5  &    6  &    7  &    8  &    9  &    10 &    11 &    12 &    13 &    14 \\
\midrule
2  &  1.00 &  0.61 &  0.42 &  0.29 &  0.35 &  0.34 &  0.34 &  0.21 &  0.30 &  0.23 &  0.29 &  0.20 &  0.21 \\
3  &  0.61 &  1.00 &  0.91 &  0.81 &  0.87 &  0.87 &  0.87 &  0.76 &  0.85 &  0.75 &  0.83 &  0.75 &  0.75 \\
4  &  0.42 &  0.91 &  1.00 &  0.93 &  0.98 &  0.97 &  0.97 &  0.89 &  0.96 &  0.89 &  0.95 &  0.89 &  0.90 \\
5  &  0.29 &  0.81 &  0.93 &  1.00 &  0.93 &  0.94 &  0.94 &  0.96 &  0.93 &  0.96 &  0.91 &  0.96 &  0.96 \\
6  &  0.35 &  0.87 &  0.98 &  0.93 &  1.00 &  0.98 &  0.98 &  0.92 &  0.99 &  0.91 &  0.98 &  0.92 &  0.92 \\
7  &  0.34 &  0.87 &  0.97 &  0.94 &  0.98 &  1.00 &  1.00 &  0.92 &  0.99 &  0.91 &  0.98 &  0.92 &  0.92 \\
8  &  0.34 &  0.87 &  0.97 &  0.94 &  0.98 &  1.00 &  1.00 &  0.91 &  0.98 &  0.91 &  0.97 &  0.91 &  0.92 \\
9  &  0.21 &  0.76 &  0.89 &  0.96 &  0.92 &  0.92 &  0.91 &  1.00 &  0.93 &  0.98 &  0.94 &  1.00 &  1.00 \\
10 &  0.30 &  0.85 &  0.96 &  0.93 &  0.99 &  0.99 &  0.98 &  0.93 &  1.00 &  0.93 &  0.99 &  0.93 &  0.94 \\
11 &  0.23 &  0.75 &  0.89 &  0.96 &  0.91 &  0.91 &  0.91 &  0.98 &  0.93 &  1.00 &  0.93 &  0.98 &  0.99 \\
12 &  0.29 &  0.83 &  0.95 &  0.91 &  0.98 &  0.98 &  0.97 &  0.94 &  0.99 &  0.93 &  1.00 &  0.94 &  0.94 \\
13 &  0.20 &  0.75 &  0.89 &  0.96 &  0.92 &  0.92 &  0.91 &  1.00 &  0.93 &  0.98 &  0.94 &  1.00 &  1.00 \\
14 &  0.21 &  0.75 &  0.90 &  0.96 &  0.92 &  0.92 &  0.92 &  1.00 &  0.94 &  0.99 &  0.94 &  1.00 &  1.00 \\
\bottomrule
\end{tabular}
