\begin{tabular}{lrrrrrr}
\toprule
N &    2  &    4  &    6  &    8  &    10 &    12 \\
\midrule
2  &  1.00 &  0.25 &  0.19 &  0.12 &  0.13 &  0.09 \\
4  &  0.25 &  1.00 &  0.99 &  0.97 &  0.98 &  0.97 \\
6  &  0.19 &  0.99 &  1.00 &  0.98 &  1.00 &  0.98 \\
8  &  0.12 &  0.97 &  0.98 &  1.00 &  0.99 &  1.00 \\
10 &  0.13 &  0.98 &  1.00 &  0.99 &  1.00 &  0.99 \\
12 &  0.09 &  0.97 &  0.98 &  1.00 &  0.99 &  1.00 \\
\bottomrule
\end{tabular}
