\begin{tabular}{lrrrrrrrrrrrrr}
\toprule
N &    2  &    3  &    4  &    5  &    6  &    7  &    8  &    9  &    10 &    11 &    12 &    13 &    14 \\
\midrule
2  &  1.00 &  0.89 &  0.75 &  0.66 &  0.64 &  0.63 &  0.61 &  0.57 &  0.58 &  0.55 &  0.56 &  0.55 &  0.55 \\
3  &  0.89 &  1.00 &  0.96 &  0.93 &  0.91 &  0.90 &  0.89 &  0.87 &  0.87 &  0.86 &  0.85 &  0.85 &  0.84 \\
4  &  0.75 &  0.96 &  1.00 &  0.99 &  0.98 &  0.97 &  0.96 &  0.96 &  0.95 &  0.95 &  0.94 &  0.94 &  0.93 \\
5  &  0.66 &  0.93 &  0.99 &  1.00 &  0.99 &  0.99 &  0.98 &  0.98 &  0.98 &  0.98 &  0.96 &  0.96 &  0.95 \\
6  &  0.64 &  0.91 &  0.98 &  0.99 &  1.00 &  1.00 &  0.99 &  0.99 &  0.99 &  0.99 &  0.98 &  0.98 &  0.97 \\
7  &  0.63 &  0.90 &  0.97 &  0.99 &  1.00 &  1.00 &  1.00 &  0.99 &  1.00 &  0.99 &  0.99 &  0.99 &  0.98 \\
8  &  0.61 &  0.89 &  0.96 &  0.98 &  0.99 &  1.00 &  1.00 &  0.99 &  1.00 &  0.99 &  0.99 &  0.99 &  0.99 \\
9  &  0.57 &  0.87 &  0.96 &  0.98 &  0.99 &  0.99 &  0.99 &  1.00 &  1.00 &  1.00 &  0.99 &  0.99 &  0.99 \\
10 &  0.58 &  0.87 &  0.95 &  0.98 &  0.99 &  1.00 &  1.00 &  1.00 &  1.00 &  1.00 &  1.00 &  1.00 &  0.99 \\
11 &  0.55 &  0.86 &  0.95 &  0.98 &  0.99 &  0.99 &  0.99 &  1.00 &  1.00 &  1.00 &  0.99 &  1.00 &  0.99 \\
12 &  0.56 &  0.85 &  0.94 &  0.96 &  0.98 &  0.99 &  0.99 &  0.99 &  1.00 &  0.99 &  1.00 &  1.00 &  1.00 \\
13 &  0.55 &  0.85 &  0.94 &  0.96 &  0.98 &  0.99 &  0.99 &  0.99 &  1.00 &  1.00 &  1.00 &  1.00 &  1.00 \\
14 &  0.55 &  0.84 &  0.93 &  0.95 &  0.97 &  0.98 &  0.99 &  0.99 &  0.99 &  0.99 &  1.00 &  1.00 &  1.00 \\
\bottomrule
\end{tabular}
