\begin{tabular}{lrrrrrrrrrrrrr}
\toprule
N &    2  &    3  &    4  &    5  &    6  &    7  &    8  &    9  &    10 &    11 &    12 &    13 &    14 \\
\midrule
2  &  1.00 &  0.90 &  0.81 &  0.74 &  0.69 &  0.67 &  0.66 &  0.65 &  0.64 &  0.63 &  0.62 &  0.62 &  0.62 \\
3  &  0.90 &  1.00 &  0.98 &  0.95 &  0.93 &  0.92 &  0.91 &  0.91 &  0.90 &  0.90 &  0.89 &  0.89 &  0.89 \\
4  &  0.81 &  0.98 &  1.00 &  0.99 &  0.98 &  0.97 &  0.97 &  0.97 &  0.96 &  0.96 &  0.96 &  0.96 &  0.95 \\
5  &  0.74 &  0.95 &  0.99 &  1.00 &  1.00 &  0.99 &  0.99 &  0.99 &  0.99 &  0.99 &  0.98 &  0.98 &  0.98 \\
6  &  0.69 &  0.93 &  0.98 &  1.00 &  1.00 &  1.00 &  1.00 &  1.00 &  1.00 &  0.99 &  0.99 &  0.99 &  0.99 \\
7  &  0.67 &  0.92 &  0.97 &  0.99 &  1.00 &  1.00 &  1.00 &  1.00 &  1.00 &  1.00 &  1.00 &  1.00 &  0.99 \\
8  &  0.66 &  0.91 &  0.97 &  0.99 &  1.00 &  1.00 &  1.00 &  1.00 &  1.00 &  1.00 &  1.00 &  1.00 &  1.00 \\
9  &  0.65 &  0.91 &  0.97 &  0.99 &  1.00 &  1.00 &  1.00 &  1.00 &  1.00 &  1.00 &  1.00 &  1.00 &  1.00 \\
10 &  0.64 &  0.90 &  0.96 &  0.99 &  1.00 &  1.00 &  1.00 &  1.00 &  1.00 &  1.00 &  1.00 &  1.00 &  1.00 \\
11 &  0.63 &  0.90 &  0.96 &  0.99 &  0.99 &  1.00 &  1.00 &  1.00 &  1.00 &  1.00 &  1.00 &  1.00 &  1.00 \\
12 &  0.62 &  0.89 &  0.96 &  0.98 &  0.99 &  1.00 &  1.00 &  1.00 &  1.00 &  1.00 &  1.00 &  1.00 &  1.00 \\
13 &  0.62 &  0.89 &  0.96 &  0.98 &  0.99 &  1.00 &  1.00 &  1.00 &  1.00 &  1.00 &  1.00 &  1.00 &  1.00 \\
14 &  0.62 &  0.89 &  0.95 &  0.98 &  0.99 &  0.99 &  1.00 &  1.00 &  1.00 &  1.00 &  1.00 &  1.00 &  1.00 \\
\bottomrule
\end{tabular}
