\begin{tabular}{lrrrrrrrrrrrrr}
\toprule
N &    2  &    3  &    4  &    5  &    6  &    7  &    8  &    9  &    10 &    11 &    12 &    13 &    14 \\
\midrule
2  &  1.00 &  0.44 &  0.26 &  0.17 &  0.15 &  0.12 &  0.08 &  0.08 &  0.08 &  0.03 &  0.04 &  0.02 &  0.01 \\
3  &  0.44 &  1.00 &  0.92 &  0.87 &  0.87 &  0.86 &  0.83 &  0.83 &  0.84 &  0.81 &  0.81 &  0.79 &  0.79 \\
4  &  0.26 &  0.92 &  1.00 &  0.97 &  0.96 &  0.97 &  0.95 &  0.95 &  0.95 &  0.93 &  0.94 &  0.92 &  0.92 \\
5  &  0.17 &  0.87 &  0.97 &  1.00 &  0.98 &  0.99 &  0.97 &  0.98 &  0.98 &  0.96 &  0.97 &  0.95 &  0.94 \\
6  &  0.15 &  0.87 &  0.96 &  0.98 &  1.00 &  0.99 &  0.97 &  0.97 &  0.98 &  0.96 &  0.97 &  0.95 &  0.95 \\
7  &  0.12 &  0.86 &  0.97 &  0.99 &  0.99 &  1.00 &  0.98 &  0.98 &  0.99 &  0.97 &  0.98 &  0.96 &  0.96 \\
8  &  0.08 &  0.83 &  0.95 &  0.97 &  0.97 &  0.98 &  1.00 &  0.97 &  0.98 &  0.98 &  0.97 &  0.97 &  0.97 \\
9  &  0.08 &  0.83 &  0.95 &  0.98 &  0.97 &  0.98 &  0.97 &  1.00 &  0.99 &  0.97 &  0.99 &  0.98 &  0.96 \\
10 &  0.08 &  0.84 &  0.95 &  0.98 &  0.98 &  0.99 &  0.98 &  0.99 &  1.00 &  0.98 &  0.99 &  0.97 &  0.97 \\
11 &  0.03 &  0.81 &  0.93 &  0.96 &  0.96 &  0.97 &  0.98 &  0.97 &  0.98 &  1.00 &  0.97 &  0.99 &  0.99 \\
12 &  0.04 &  0.81 &  0.94 &  0.97 &  0.97 &  0.98 &  0.97 &  0.99 &  0.99 &  0.97 &  1.00 &  0.98 &  0.96 \\
13 &  0.02 &  0.79 &  0.92 &  0.95 &  0.95 &  0.96 &  0.97 &  0.98 &  0.97 &  0.99 &  0.98 &  1.00 &  0.97 \\
14 &  0.01 &  0.79 &  0.92 &  0.94 &  0.95 &  0.96 &  0.97 &  0.96 &  0.97 &  0.99 &  0.96 &  0.97 &  1.00 \\
\bottomrule
\end{tabular}
