\begin{tabular}{lrrrrrrrrrrrrr}
\toprule
N &    2  &    3  &    4  &    5  &    6  &    7  &    8  &    9  &    10 &    11 &    12 &    13 &    14 \\
\midrule
2  &  1.00 &  0.89 &  0.78 &  0.70 &  0.65 &  0.62 &  0.61 &  0.60 &  0.58 &  0.58 &  0.57 &  0.57 &  0.56 \\
3  &  0.89 &  1.00 &  0.98 &  0.94 &  0.91 &  0.90 &  0.89 &  0.89 &  0.88 &  0.87 &  0.87 &  0.87 &  0.86 \\
4  &  0.78 &  0.98 &  1.00 &  0.99 &  0.98 &  0.97 &  0.96 &  0.96 &  0.95 &  0.95 &  0.95 &  0.95 &  0.94 \\
5  &  0.70 &  0.94 &  0.99 &  1.00 &  0.99 &  0.99 &  0.99 &  0.99 &  0.98 &  0.98 &  0.98 &  0.98 &  0.98 \\
6  &  0.65 &  0.91 &  0.98 &  0.99 &  1.00 &  1.00 &  1.00 &  1.00 &  1.00 &  0.99 &  0.99 &  0.99 &  0.99 \\
7  &  0.62 &  0.90 &  0.97 &  0.99 &  1.00 &  1.00 &  1.00 &  1.00 &  1.00 &  1.00 &  1.00 &  1.00 &  0.99 \\
8  &  0.61 &  0.89 &  0.96 &  0.99 &  1.00 &  1.00 &  1.00 &  1.00 &  1.00 &  1.00 &  1.00 &  1.00 &  1.00 \\
9  &  0.60 &  0.89 &  0.96 &  0.99 &  1.00 &  1.00 &  1.00 &  1.00 &  1.00 &  1.00 &  1.00 &  1.00 &  1.00 \\
10 &  0.58 &  0.88 &  0.95 &  0.98 &  1.00 &  1.00 &  1.00 &  1.00 &  1.00 &  1.00 &  1.00 &  1.00 &  1.00 \\
11 &  0.58 &  0.87 &  0.95 &  0.98 &  0.99 &  1.00 &  1.00 &  1.00 &  1.00 &  1.00 &  1.00 &  1.00 &  1.00 \\
12 &  0.57 &  0.87 &  0.95 &  0.98 &  0.99 &  1.00 &  1.00 &  1.00 &  1.00 &  1.00 &  1.00 &  1.00 &  1.00 \\
13 &  0.57 &  0.87 &  0.95 &  0.98 &  0.99 &  1.00 &  1.00 &  1.00 &  1.00 &  1.00 &  1.00 &  1.00 &  1.00 \\
14 &  0.56 &  0.86 &  0.94 &  0.98 &  0.99 &  0.99 &  1.00 &  1.00 &  1.00 &  1.00 &  1.00 &  1.00 &  1.00 \\
\bottomrule
\end{tabular}
