\begin{tabular}{lrrrrrrrr}
\toprule
N &    2  &    3  &    4  &    5  &    6  &    7  &    8  &    10 \\
\midrule
2  &  1.00 &  0.43 &  0.26 &  0.18 &  0.20 &  0.16 &  0.12 &  0.10 \\
3  &  0.43 &  1.00 &  0.95 &  0.90 &  0.89 &  0.90 &  0.84 &  0.87 \\
4  &  0.26 &  0.95 &  1.00 &  0.97 &  0.94 &  0.96 &  0.91 &  0.95 \\
5  &  0.18 &  0.90 &  0.97 &  1.00 &  0.95 &  0.96 &  0.94 &  0.97 \\
6  &  0.20 &  0.89 &  0.94 &  0.95 &  1.00 &  0.98 &  0.97 &  0.97 \\
7  &  0.16 &  0.90 &  0.96 &  0.96 &  0.98 &  1.00 &  0.95 &  0.98 \\
8  &  0.12 &  0.84 &  0.91 &  0.94 &  0.97 &  0.95 &  1.00 &  0.96 \\
10 &  0.10 &  0.87 &  0.95 &  0.97 &  0.97 &  0.98 &  0.96 &  1.00 \\
\bottomrule
\end{tabular}
