\begin{tabular}{lrrrrrrrr}
\toprule
N &    2  &    3  &    4  &    5  &    6  &    7  &    8  &    10 \\
\midrule
2  &  1.00 &  0.56 &  0.39 &  0.26 &  0.31 &  0.31 &  0.31 &  0.28 \\
3  &  0.56 &  1.00 &  0.89 &  0.78 &  0.85 &  0.84 &  0.84 &  0.83 \\
4  &  0.39 &  0.89 &  1.00 &  0.93 &  0.98 &  0.98 &  0.97 &  0.97 \\
5  &  0.26 &  0.78 &  0.93 &  1.00 &  0.93 &  0.95 &  0.95 &  0.94 \\
6  &  0.31 &  0.85 &  0.98 &  0.93 &  1.00 &  0.99 &  0.99 &  1.00 \\
7  &  0.31 &  0.84 &  0.98 &  0.95 &  0.99 &  1.00 &  1.00 &  0.99 \\
8  &  0.31 &  0.84 &  0.97 &  0.95 &  0.99 &  1.00 &  1.00 &  0.99 \\
10 &  0.28 &  0.83 &  0.97 &  0.94 &  1.00 &  0.99 &  0.99 &  1.00 \\
\bottomrule
\end{tabular}
