\begin{tabular}{lrrrrrrrr}
\toprule
{} &     2 &     4 &     6 &     8 &    10 &    12 &    14 &  $R^2$ \\
\midrule
2  &  1.00 &  0.68 &  0.50 &  0.42 &  0.37 &  0.37 &  0.45 &   0.34 \\
4  &  0.68 &  1.00 &  0.96 &  0.92 &  0.87 &  0.82 &  0.77 &   0.75 \\
6  &  0.50 &  0.96 &  1.00 &  0.99 &  0.95 &  0.90 &  0.82 &   0.79 \\
8  &  0.42 &  0.92 &  0.99 &  1.00 &  0.97 &  0.92 &  0.82 &   0.78 \\
10 &  0.37 &  0.87 &  0.95 &  0.97 &  1.00 &  0.95 &  0.86 &   0.77 \\
12 &  0.37 &  0.82 &  0.90 &  0.92 &  0.95 &  1.00 &  0.90 &   0.74 \\
14 &  0.45 &  0.77 &  0.82 &  0.82 &  0.86 &  0.90 &  1.00 &   0.67 \\
\bottomrule
\end{tabular}
